/**
僵尸及波次配置
1_1: 前面1的代表游戏的等级  后面的1 代表波次第几波
[1, 1, 3, 1, 5, 2, 1]:
参数顺序 
1、游戏等级
2、波次
3、波次总数、共几波 如果达到最高波数  则boss入场
4、第一种怪物id
5、第一种怪物的数量
6、第二种怪物id
7、第二种怪物的数量
*/
export let DB_level ={
	"1_1": [1, 1, 3, 1, 5, 2, 1],
	"1_2": [1, 2, 3, 1, 7, 2, 1],
	"1_3": [1, 3, 3, 101, 1, 2, 0],
	"2_1": [2, 1, 4, 2, 5, 3, 1],
	"2_2": [2, 2, 4, 2, 7, 3, 1],
	"2_3": [2, 3, 4, 2, 9, 3, 1],
	"2_4": [2, 4, 4, 102, 1, 3, 0],
	"3_1": [3, 1, 5, 3, 5, 4, 1],
	"3_2": [3, 2, 5, 3, 7, 4, 1],
	"3_3": [3, 3, 5, 3, 9, 4, 1],
	"3_4": [3, 4, 5, 3, 11, 4, 1],
	"3_5": [3, 5, 5, 103, 1, 4, 0],
	"4_1": [4, 1, 5, 4, 5, 5, 1],
	"4_2": [4, 2, 5, 4, 7, 5, 1],
	"4_3": [4, 3, 5, 4, 9, 5, 1],
	"4_4": [4, 4, 5, 4, 11, 5, 1],
	"4_5": [4, 5, 5, 104, 1, 5, 0],
	"5_1": [5, 1, 5, 5, 5, 6, 1],
	"5_2": [5, 2, 5, 5, 7, 6, 1],
	"5_3": [5, 3, 5, 5, 9, 6, 1],
	"5_4": [5, 4, 5, 5, 11, 6, 1],
	"5_5": [5, 5, 5, 105, 1, 6, 0],
	"6_1": [6, 1, 5, 6, 5, 7, 1],
	"6_2": [6, 2, 5, 6, 7, 7, 1],
	"6_3": [6, 3, 5, 6, 9, 7, 1],
	"6_4": [6, 4, 5, 6, 11, 7, 1],
	"6_5": [6, 5, 5, 106, 1, 7, 0],
	"7_1": [7, 1, 5, 7, 5, 8, 1],
	"7_2": [7, 2, 5, 7, 7, 8, 1],
	"7_3": [7, 3, 5, 7, 9, 8, 1],
	"7_4": [7, 4, 5, 7, 11, 8, 1],
	"7_5": [7, 5, 5, 107, 1, 8, 0],
	"8_1": [8, 1, 5, 8, 5, 9, 1],
	"8_2": [8, 2, 5, 8, 7, 9, 1],
	"8_3": [8, 3, 5, 8, 9, 9, 1],
	"8_4": [8, 4, 5, 8, 11, 9, 1],
	"8_5": [8, 5, 5, 108, 1, 9, 0],
	"9_1": [9, 1, 5, 9, 5, 10, 1],
	"9_2": [9, 2, 5, 9, 7, 10, 1],
	"9_3": [9, 3, 5, 9, 9, 10, 1],
	"9_4": [9, 4, 5, 9, 11, 10, 1],
	"9_5": [9, 5, 5, 109, 1, 10, 0],
	"10_1": [10, 1, 5, 10, 5, 11, 1],
	"10_2": [10, 2, 5, 10, 7, 11, 1],
	"10_3": [10, 3, 5, 10, 9, 11, 1],
	"10_4": [10, 4, 5, 10, 11, 11, 1],
	"10_5": [10, 5, 5, 110, 1, 11, 0],
	"11_1": [11, 1, 5, 11, 5, 12, 1],
	"11_2": [11, 2, 5, 11, 7, 12, 1],
	"11_3": [11, 3, 5, 11, 9, 12, 1],
	"11_4": [11, 4, 5, 11, 11, 12, 1],
	"11_5": [11, 5, 5, 111, 1, 12, 0],
	"12_1": [12, 1, 5, 12, 5, 13, 1],
	"12_2": [12, 2, 5, 12, 7, 13, 1],
	"12_3": [12, 3, 5, 12, 9, 13, 1],
	"12_4": [12, 4, 5, 12, 11, 13, 1],
	"12_5": [12, 5, 5, 112, 1, 13, 0],
	"13_1": [13, 1, 5, 13, 5, 14, 1],
	"13_2": [13, 2, 5, 13, 7, 14, 1],
	"13_3": [13, 3, 5, 13, 9, 14, 1],
	"13_4": [13, 4, 5, 13, 11, 14, 1],
	"13_5": [13, 5, 5, 113, 1, 14, 0],
	"14_1": [14, 1, 5, 14, 5, 15, 1],
	"14_2": [14, 2, 5, 14, 7, 15, 1],
	"14_3": [14, 3, 5, 14, 9, 15, 1],
	"14_4": [14, 4, 5, 14, 11, 15, 1],
	"14_5": [14, 5, 5, 114, 1, 15, 0],
	"15_1": [15, 1, 5, 15, 5, 16, 1],
	"15_2": [15, 2, 5, 15, 7, 16, 1],
	"15_3": [15, 3, 5, 15, 9, 16, 1],
	"15_4": [15, 4, 5, 15, 11, 16, 1],
	"15_5": [15, 5, 5, 115, 1, 16, 0],
	"16_1": [16, 1, 5, 16, 5, 17, 1],
	"16_2": [16, 2, 5, 16, 7, 17, 1],
	"16_3": [16, 3, 5, 16, 9, 17, 1],
	"16_4": [16, 4, 5, 16, 11, 17, 1],
	"16_5": [16, 5, 5, 116, 1, 17, 0],
	"17_1": [17, 1, 5, 17, 5, 18, 1],
	"17_2": [17, 2, 5, 17, 7, 18, 1],
	"17_3": [17, 3, 5, 17, 9, 18, 1],
	"17_4": [17, 4, 5, 17, 11, 18, 1],
	"17_5": [17, 5, 5, 117, 1, 18, 0],
	"18_1": [18, 1, 5, 18, 5, 19, 1],
	"18_2": [18, 2, 5, 18, 7, 19, 1],
	"18_3": [18, 3, 5, 18, 9, 19, 1],
	"18_4": [18, 4, 5, 18, 11, 19, 1],
	"18_5": [18, 5, 5, 118, 1, 19, 0],
	"19_1": [19, 1, 5, 19, 5, 20, 1],
	"19_2": [19, 2, 5, 19, 7, 20, 1],
	"19_3": [19, 3, 5, 19, 9, 20, 1],
	"19_4": [19, 4, 5, 19, 11, 20, 1],
	"19_5": [19, 5, 5, 119, 1, 20, 0],
	"20_1": [20, 1, 5, 20, 5, 21, 1],
	"20_2": [20, 2, 5, 20, 7, 21, 1],
	"20_3": [20, 3, 5, 20, 9, 21, 1],
	"20_4": [20, 4, 5, 20, 11, 21, 1],
	"20_5": [20, 5, 5, 120, 1, 21, 0],
	"21_1": [21, 1, 5, 21, 5, 22, 1],
	"21_2": [21, 2, 5, 21, 7, 22, 1],
	"21_3": [21, 3, 5, 21, 9, 22, 1],
	"21_4": [21, 4, 5, 21, 11, 22, 1],
	"21_5": [21, 5, 5, 121, 1, 22, 0],
	"22_1": [22, 1, 5, 22, 5, 23, 1],
	"22_2": [22, 2, 5, 22, 7, 23, 1],
	"22_3": [22, 3, 5, 22, 9, 23, 1],
	"22_4": [22, 4, 5, 22, 11, 23, 1],
	"22_5": [22, 5, 5, 122, 1, 23, 0],
	"23_1": [23, 1, 5, 23, 5, 24, 1],
	"23_2": [23, 2, 5, 23, 7, 24, 1],
	"23_3": [23, 3, 5, 23, 9, 24, 1],
	"23_4": [23, 4, 5, 23, 11, 24, 1],
	"23_5": [23, 5, 5, 123, 1, 24, 0],
	"24_1": [24, 1, 5, 24, 5, 25, 1],
	"24_2": [24, 2, 5, 24, 7, 25, 1],
	"24_3": [24, 3, 5, 24, 9, 25, 1],
	"24_4": [24, 4, 5, 24, 11, 25, 1],
	"24_5": [24, 5, 5, 124, 1, 25, 0],
	"25_1": [25, 1, 5, 25, 5, 26, 1],
	"25_2": [25, 2, 5, 25, 7, 26, 1],
	"25_3": [25, 3, 5, 25, 9, 26, 1],
	"25_4": [25, 4, 5, 25, 11, 26, 1],
	"25_5": [25, 5, 5, 125, 1, 26, 0],
	"26_1": [26, 1, 5, 26, 5, 27, 1],
	"26_2": [26, 2, 5, 26, 7, 27, 1],
	"26_3": [26, 3, 5, 26, 9, 27, 1],
	"26_4": [26, 4, 5, 26, 11, 27, 1],
	"26_5": [26, 5, 5, 126, 1, 27, 0],
	"27_1": [27, 1, 5, 27, 5, 28, 1],
	"27_2": [27, 2, 5, 27, 7, 28, 1],
	"27_3": [27, 3, 5, 27, 9, 28, 1],
	"27_4": [27, 4, 5, 27, 11, 28, 1],
	"27_5": [27, 5, 5, 127, 1, 28, 0],
	"28_1": [28, 1, 5, 28, 5, 29, 1],
	"28_2": [28, 2, 5, 28, 7, 29, 1],
	"28_3": [28, 3, 5, 28, 9, 29, 1],
	"28_4": [28, 4, 5, 28, 11, 29, 1],
	"28_5": [28, 5, 5, 128, 1, 29, 0],
	"29_1": [29, 1, 5, 29, 5, 30, 1],
	"29_2": [29, 2, 5, 29, 7, 30, 1],
	"29_3": [29, 3, 5, 29, 9, 30, 1],
	"29_4": [29, 4, 5, 29, 11, 30, 1],
	"29_5": [29, 5, 5, 129, 1, 30, 0],
	"30_1": [30, 1, 5, 30, 5, 31, 1],
	"30_2": [30, 2, 5, 30, 7, 31, 1],
	"30_3": [30, 3, 5, 30, 9, 31, 1],
	"30_4": [30, 4, 5, 30, 11, 31, 1],
	"30_5": [30, 5, 5, 130, 1, 31, 0],
	"31_1": [31, 1, 5, 31, 5, 32, 1],
	"31_2": [31, 2, 5, 31, 7, 32, 1],
	"31_3": [31, 3, 5, 31, 9, 32, 1],
	"31_4": [31, 4, 5, 31, 11, 32, 1],
	"31_5": [31, 5, 5, 131, 1, 32, 0],
	"32_1": [32, 1, 5, 32, 5, 33, 1],
	"32_2": [32, 2, 5, 32, 7, 33, 1],
	"32_3": [32, 3, 5, 32, 9, 33, 1],
	"32_4": [32, 4, 5, 32, 11, 33, 1],
	"32_5": [32, 5, 5, 132, 1, 33, 0],
	"33_1": [33, 1, 5, 33, 5, 34, 1],
	"33_2": [33, 2, 5, 33, 7, 34, 1],
	"33_3": [33, 3, 5, 33, 9, 34, 1],
	"33_4": [33, 4, 5, 33, 11, 34, 1],
	"33_5": [33, 5, 5, 133, 1, 34, 0],
	"34_1": [34, 1, 5, 34, 5, 35, 1],
	"34_2": [34, 2, 5, 34, 7, 35, 1],
	"34_3": [34, 3, 5, 34, 9, 35, 1],
	"34_4": [34, 4, 5, 34, 11, 35, 1],
	"34_5": [34, 5, 5, 134, 1, 35, 0],
	"35_1": [35, 1, 5, 35, 5, 36, 1],
	"35_2": [35, 2, 5, 35, 7, 36, 1],
	"35_3": [35, 3, 5, 35, 9, 36, 1],
	"35_4": [35, 4, 5, 35, 11, 36, 1],
	"35_5": [35, 5, 5, 135, 1, 36, 0],
	"36_1": [36, 1, 5, 36, 5, 37, 1],
	"36_2": [36, 2, 5, 36, 7, 37, 1],
	"36_3": [36, 3, 5, 36, 9, 37, 1],
	"36_4": [36, 4, 5, 36, 11, 37, 1],
	"36_5": [36, 5, 5, 136, 1, 37, 0],
	"37_1": [37, 1, 5, 37, 5, 38, 1],
	"37_2": [37, 2, 5, 37, 7, 38, 1],
	"37_3": [37, 3, 5, 37, 9, 38, 1],
	"37_4": [37, 4, 5, 37, 11, 38, 1],
	"37_5": [37, 5, 5, 137, 1, 38, 0],
	"38_1": [38, 1, 5, 38, 5, 39, 1],
	"38_2": [38, 2, 5, 38, 7, 39, 1],
	"38_3": [38, 3, 5, 38, 9, 39, 1],
	"38_4": [38, 4, 5, 38, 11, 39, 1],
	"38_5": [38, 5, 5, 138, 1, 39, 0],
	"39_1": [39, 1, 5, 39, 5, 40, 1],
	"39_2": [39, 2, 5, 39, 7, 40, 1],
	"39_3": [39, 3, 5, 39, 9, 40, 1],
	"39_4": [39, 4, 5, 39, 11, 40, 1],
	"39_5": [39, 5, 5, 139, 1, 40, 0],
	"40_1": [40, 1, 5, 40, 5, 41, 1],
	"40_2": [40, 2, 5, 40, 7, 41, 1],
	"40_3": [40, 3, 5, 40, 9, 41, 1],
	"40_4": [40, 4, 5, 40, 11, 41, 1],
	"40_5": [40, 5, 5, 140, 1, 41, 0],
	"41_1": [41, 1, 5, 41, 5, 42, 1],
	"41_2": [41, 2, 5, 41, 7, 42, 1],
	"41_3": [41, 3, 5, 41, 9, 42, 1],
	"41_4": [41, 4, 5, 41, 11, 42, 1],
	"41_5": [41, 5, 5, 141, 1, 42, 0],
	"42_1": [42, 1, 5, 42, 5, 43, 1],
	"42_2": [42, 2, 5, 42, 7, 43, 1],
	"42_3": [42, 3, 5, 42, 9, 43, 1],
	"42_4": [42, 4, 5, 42, 11, 43, 1],
	"42_5": [42, 5, 5, 142, 1, 43, 0],
	"43_1": [43, 1, 5, 43, 5, 44, 1],
	"43_2": [43, 2, 5, 43, 7, 44, 1],
	"43_3": [43, 3, 5, 43, 9, 44, 1],
	"43_4": [43, 4, 5, 43, 11, 44, 1],
	"43_5": [43, 5, 5, 143, 1, 44, 0],
	"44_1": [44, 1, 5, 44, 5, 45, 1],
	"44_2": [44, 2, 5, 44, 7, 45, 1],
	"44_3": [44, 3, 5, 44, 9, 45, 1],
	"44_4": [44, 4, 5, 44, 11, 45, 1],
	"44_5": [44, 5, 5, 144, 1, 45, 0],
	"45_1": [45, 1, 5, 45, 5, 46, 1],
	"45_2": [45, 2, 5, 45, 7, 46, 1],
	"45_3": [45, 3, 5, 45, 9, 46, 1],
	"45_4": [45, 4, 5, 45, 11, 46, 1],
	"45_5": [45, 5, 5, 145, 1, 46, 0],
	"46_1": [46, 1, 5, 46, 5, 47, 1],
	"46_2": [46, 2, 5, 46, 7, 47, 1],
	"46_3": [46, 3, 5, 46, 9, 47, 1],
	"46_4": [46, 4, 5, 46, 11, 47, 1],
	"46_5": [46, 5, 5, 146, 1, 47, 0],
	"47_1": [47, 1, 5, 47, 5, 48, 1],
	"47_2": [47, 2, 5, 47, 7, 48, 1],
	"47_3": [47, 3, 5, 47, 9, 48, 1],
	"47_4": [47, 4, 5, 47, 11, 48, 1],
	"47_5": [47, 5, 5, 147, 1, 48, 0],
	"48_1": [48, 1, 5, 48, 5, 49, 1],
	"48_2": [48, 2, 5, 48, 7, 49, 1],
	"48_3": [48, 3, 5, 48, 9, 49, 1],
	"48_4": [48, 4, 5, 48, 11, 49, 1],
	"48_5": [48, 5, 5, 148, 1, 49, 0],
	"49_1": [49, 1, 5, 49, 5, 50, 1],
	"49_2": [49, 2, 5, 49, 7, 50, 1],
	"49_3": [49, 3, 5, 49, 9, 50, 1],
	"49_4": [49, 4, 5, 49, 11, 50, 1],
	"49_5": [49, 5, 5, 149, 1, 50, 0],
	"50_1": [50, 1, 5, 50, 5, 51, 1],
	"50_2": [50, 2, 5, 50, 7, 51, 1],
	"50_3": [50, 3, 5, 50, 9, 51, 1],
	"50_4": [50, 4, 5, 50, 11, 51, 1],
	"50_5": [50, 5, 5, 150, 1, 51, 0],
	"51_1": [51, 1, 5, 51, 5, 52, 1],
	"51_2": [51, 2, 5, 51, 7, 52, 1],
	"51_3": [51, 3, 5, 51, 9, 52, 1],
	"51_4": [51, 4, 5, 51, 11, 52, 1],
	"51_5": [51, 5, 5, 151, 1, 52, 0],
	"52_1": [52, 1, 5, 52, 5, 53, 1],
	"52_2": [52, 2, 5, 52, 7, 53, 1],
	"52_3": [52, 3, 5, 52, 9, 53, 1],
	"52_4": [52, 4, 5, 52, 11, 53, 1],
	"52_5": [52, 5, 5, 152, 1, 53, 0],
	"53_1": [53, 1, 5, 53, 5, 54, 1],
	"53_2": [53, 2, 5, 53, 7, 54, 1],
	"53_3": [53, 3, 5, 53, 9, 54, 1],
	"53_4": [53, 4, 5, 53, 11, 54, 1],
	"53_5": [53, 5, 5, 153, 1, 54, 0],
	"54_1": [54, 1, 5, 54, 5, 55, 1],
	"54_2": [54, 2, 5, 54, 7, 55, 1],
	"54_3": [54, 3, 5, 54, 9, 55, 1],
	"54_4": [54, 4, 5, 54, 11, 55, 1],
	"54_5": [54, 5, 5, 154, 1, 55, 0],
	"55_1": [55, 1, 5, 55, 5, 56, 1],
	"55_2": [55, 2, 5, 55, 7, 56, 1],
	"55_3": [55, 3, 5, 55, 9, 56, 1],
	"55_4": [55, 4, 5, 55, 11, 56, 1],
	"55_5": [55, 5, 5, 155, 1, 56, 0],
	"56_1": [56, 1, 5, 56, 5, 57, 1],
	"56_2": [56, 2, 5, 56, 7, 57, 1],
	"56_3": [56, 3, 5, 56, 9, 57, 1],
	"56_4": [56, 4, 5, 56, 11, 57, 1],
	"56_5": [56, 5, 5, 156, 1, 57, 0],
	"57_1": [57, 1, 5, 57, 5, 58, 1],
	"57_2": [57, 2, 5, 57, 7, 58, 1],
	"57_3": [57, 3, 5, 57, 9, 58, 1],
	"57_4": [57, 4, 5, 57, 11, 58, 1],
	"57_5": [57, 5, 5, 157, 1, 58, 0],
	"58_1": [58, 1, 5, 58, 5, 59, 1],
	"58_2": [58, 2, 5, 58, 7, 59, 1],
	"58_3": [58, 3, 5, 58, 9, 59, 1],
	"58_4": [58, 4, 5, 58, 11, 59, 1],
	"58_5": [58, 5, 5, 158, 1, 59, 0],
	"59_1": [59, 1, 5, 59, 5, 60, 1],
	"59_2": [59, 2, 5, 59, 7, 60, 1],
	"59_3": [59, 3, 5, 59, 9, 60, 1],
	"59_4": [59, 4, 5, 59, 11, 60, 1],
	"59_5": [59, 5, 5, 159, 1, 60, 0],
	"60_1": [60, 1, 5, 60, 5, 60, 1],
	"60_2": [60, 2, 5, 60, 7, 60, 1],
	"60_3": [60, 3, 5, 60, 9, 60, 1],
	"60_4": [60, 4, 5, 60, 11, 60, 1],
	"60_5": [60, 5, 5, 160, 1, 60, 0]
}